0.0006341166821
0.01687741182
0.0009540314047
0.000790816256
0.000967984332
0.00281290197
0.004500643152
0.007378103527
0.00746994714
0.004916644204
0.0002268983988
0.0003025394601
0.01200171507
0.01200171507
0.006383890995
0.004865560164
0.002066885489
0.007288490934
0.01200171507
0.008373289584
0.002112978005
0.01200171507
0.002000285845
0.00810926694
0.003061662008
0.01586027725
0.004164507873
0.0008974363213
0.003634232119
0.0006832095866
0
0.0003383306259
0.004059967511
0.005236688864
0.001791835633
0.0005375506899
0.007425738342
0.002871223701
0.001489183396
0.003011302917
0.01167690909
0.00144274504
0.002357018764
0.0003864871749
0.0005776226505
0.003812309493
0.0004156917995
0.0350490667
0.0006770938997
0.0003535809213
0.0003529916197
0.001868779163
0.000444947374
0.004999452079
0.0004517378524
0
0
0.0005082499283
9.912502585e-05
0.0001111289714
0
0
0.001430174507
0
0.0005715462427
0.0008577556641
0
0.01057640063
0.0006997631228
0.002381126902
0.0003037212789
0
0.0006702372527
0.001291432755
0
0.0004738142547
0.001654648217
0.0009298315837
0.003429878086
0.0006253788539
0.002129306017
0.0004072980228
0.0004072980228
0.006336664979
0.001552243279
0.0001050570297
0.0007636837927
0.001077837007
0.0003966197974
0.0007195752158
0.0004813522087
0.01711557683
8.680121797e-05
0.0002719969673
0.0009007076567
9.281111825e-05
0.03178281864
0.002448361207
0.0190518854
0.005219127397
0.005948201327
0.0007149197362
0.0001324546415
0.0002335973954
0.0006649763637
0.001379771804
0.0004709545117
0.0007809549109
0.001864392358
0.000133962664
0.00220313771
0.0001468758473
0
0.0002937516946
0.005521885129
0.001287507428
0.0002772185495
0.001779789679
0.004925464461
7.657085027e-05
0.0005567691163
0.0001113538233
0.003707029845
0.0007022379703
9.609572225e-05
0.005042737425
0.0009842202921
0.001285331682
0
0
0.008058540392
0.001303353673
0.001303353673
0
0
0.001047617359
0.001626916683
0.0007395075832
8.253896019e-05
0.001374419425
0
