0
0
0
0.003736265442
0.01794218471
0
0
0
0
8.269588751e-06
8.269588751e-06
8.269588751e-06
0
0
0
0
0
0
0
0
0
0
0
0
0.01025986729
0.623302019
0.3091326366
0.2103004921
0.009656402968
0.3475766639
0
0.005520829135
0.005738022194
0.03757446647
0.02616450956
0.004268729435
0.002480617306
0.02130859572
0.01906522055
0.003488251938
0.1164985394
0.2837641128
0.03537180757
0.02438257632
0.08703316749
0.4134070057
0.2698240448
0.05794347474
0.0895826443
0.01092827974
0.02536526469
0.1046194371
0.3034525399
0.02380545096
0.4324876633
0.05867472391
0.05867472391
0.4277334439
0.04324574566
0.004961201183
0.01453177329
0.02734894075
0.01176881715
0.05867472391
0.0273487243
0.0273487243
0.05867472391
0.003230343955
0.04265113801
0.50954149
0.02488519726
0.02619110472
0.01205129527
0.009127374451
0.002099335474
0.002099335474
0.07998125381
0.004465603703
4.036493404e-05
0.02239636803
0.01150087041
0.2433221544
0.2433221544
0.02974297257
0.1712753406
0.8348003083
0.0018257633
0.05429164469
0.03189862309
0.1956590207
0.3344385135
0.000692513715
0.1261615562
0.006626123132
0.01766825458
0.1096237785
0.0005073485356
0.3012798368
0.1368267575
32.46816935
9.560873277
0
0.6078636134
0.1490532195
0.1013321556
0.01348100633
0.1507512663
0.3057657199
0.001131297689
0.01261545623
0.006354788114
0.005671845096
0.005671845096
0.07313665812
0.06176207799
0.5306625823
0.07191606345
0.1055665444
0.1058901242
0.3051741317
0.1237102527
0.04589380761
0.05046154674
0.007770951991
0.003395915624
0.001250783642
0.001512492024
0.001512492024
0.05867472391
0.05867472391
0.07324435549
0.004778269267
0.09379059961
0.05867472391
0.05867472391
0.01194893033
0.06240552926
0.03914225047
0.1666987084
0.01151077256
0.05867472391
